fused_isam.print('');
: cliques: 200, variables: 201
-  Conditional density [200201] [200202] 
  R = [    100.051    43.6708    150.798   -99.6074   -43.5928    -150.78 ]
      [          0     225.15    325.785 -0.0514119   -224.416   -325.729 ]
      [          0          0    506.076 -0.0956075  -0.469185   -505.988 ]
      [          0          0          0    6.64878    1.16854   0.272565 ]
      [          0          0          0          0    12.9047    1.01721 ]
      [          0          0          0          0          0    8.02019 ]
  d = [  2.13584e-10 -5.59024e-11 -4.23014e-11  3.19852e-09 -5.41653e-10 -9.63765e-10 ]
  No noise model
-Cached: 
 keys: 
Augmented information matrix: [
 0.636256164,	
];
Gradient contribution: [-2.13693681e-08; 3.25903359e-09; 7.41187174e-09; 1.39495643e-12; -2.22761764e-12; -1.31000591e-13];
| -  Conditional density [200200] 
  R = [ 102.648 52.0414 181.216 ]
      [       0 244.131 473.143 ]
      [       0       0 588.503 ]
  S[200201] = [   -102.212   -51.9683   -181.197 ]
              [ -0.0523702   -243.453   -473.102 ]
              [ -0.0821129  -0.545564   -588.438 ]
  d = [  2.58959e-10  1.39253e-12 -6.69798e-11 ]
  No noise model
| -Cached: 
 keys: 200201(3) 
Augmented information matrix: [
  44.4151594,	  7.81114741,	  1.80897552,	2.13679732e-08,	
  7.81114741,	  168.662774,	  13.4467846,	-3.25680597e-09,	
  1.80897552,	  13.4467846,	  65.4436708,	-7.41174074e-09,	
2.13679732e-08,	-3.25680597e-09,	-7.41174074e-09,	 0.636256164,	
];
Gradient contribution: [-2.65816346e-08; -1.3816541e-08; -8.16845627e-09; 2.6463205e-08; 1.37601283e-08; 8.16783178e-09];
| | -  Conditional density [200199] 
  R = [ 98.6348 46.4426 138.375 ]
      [       0 208.893 247.182 ]
      [       0       0 378.643 ]
  S[200200] = [   -98.1802   -46.3625   -138.357 ]
              [ -0.0632526   -208.095   -247.122 ]
              [  -0.120093  -0.514496   -378.516 ]
  d = [  2.18981e-10 -6.40291e-11 -5.78027e-11 ]
  No noise model
| | -Cached: 
 keys: 200200(3) 
Augmented information matrix: [
  44.6149969,	  7.85235509,	  1.80988799,	2.14858354e-08,	
  7.85235509,	  169.424999,	  13.4403486,	-3.20022344e-09,	
  1.80988799,	  13.4403486,	  65.4497024,	-7.41053311e-09,	
2.14858354e-08,	-3.20022344e-09,	-7.41053311e-09,	  0.63621724,	
];
Gradient contribution: [-2.15991258e-08; 3.20519604e-09; 7.41194696e-09; 2.14885838e-08; -3.20140497e-09; -7.40474888e-09];
| | | -  Conditional density [200198] 
  R = [  100.96 43.2165  143.52 ]
      [       0 224.163 280.881 ]
      [       0       0 448.985 ]
  S[200199] = [   -100.513   -43.1378   -143.502 ]
              [ -0.0505809   -223.415   -280.825 ]
              [   -0.10701   -0.46332    -448.88 ]
  d = [  2.14931e-10 -5.57743e-11 -5.03543e-11 ]
  No noise model
| | | -Cached: 
 keys: 200199(3) 
Augmented information matrix: [
  44.8400879,	  7.90010368,	  1.79912779,	2.15963774e-08,	
  7.90010368,	  170.332282,	  13.4245253,	-3.20401451e-09,	
  1.79912779,	  13.4245253,	  65.4697728,	-7.41773119e-09,	
2.15963774e-08,	-3.20401451e-09,	-7.41773119e-09,	  0.63621724,	
];
Gradient contribution: [-2.16993228e-08; 3.21400466e-09; 7.42738813e-09; 2.15952006e-08; -3.21252446e-09; -7.42277685e-09];
| | | | -  Conditional density [200197] 
  R = [ 103.587 49.4596 141.758 ]
      [       0 223.312   286.1 ]
      [       0       0 434.104 ]
  S[200198] = [    -103.15   -49.3825   -141.741 ]
              [ -0.0610185   -222.559   -286.044 ]
              [ -0.0983429  -0.490429   -433.996 ]
  d = [  2.10477e-10 -6.10134e-11 -4.56125e-11 ]
  No noise model
| | | | -Cached: 
 keys: 200198(3) 
Augmented information matrix: [
  45.0532362,	  7.94696661,	  1.79297663,	2.17004996e-08,	
  7.94696661,	  171.112894,	  13.4195653,	-3.20549471e-09,	
  1.79297663,	  13.4195653,	  65.4842702,	-7.42234247e-09,	
2.17004996e-08,	-3.20549471e-09,	-7.42234247e-09,	  0.63621724,	
];
Gradient contribution: [-2.18026784e-08; 3.21489464e-09; 7.41954483e-09; 2.17025113e-08; -3.20755255e-09; -7.41480887e-09];
| | | | | -  Conditional density [200196] 
  R = [ 107.099  49.011 165.447 ]
      [       0 233.415 406.426 ]
      [       0       0 571.478 ]
  S[200197] = [   -106.675   -48.9361    -165.43 ]
              [ -0.0547573    -232.69   -406.372 ]
              [ -0.0807856  -0.513275   -571.406 ]
  d = [  2.04423e-10 -5.67669e-11 -3.18138e-11 ]
  No noise model
| | | | | -Cached: 
 keys: 200197(3) 
Augmented information matrix: [
  45.2575163,	  7.98293077,	  1.78644026,	2.18006668e-08,	
  7.98293077,	  171.926097,	   13.410166,	-3.2128368e-09,	
  1.78644026,	   13.410166,	  65.4994353,	-7.42707843e-09,	
2.18006668e-08,	-3.2128368e-09,	-7.42707843e-09,	  0.63621724,	
];
Gradient contribution: [-2.18935583e-08; 3.23122428e-09; 7.43123541e-09; 2.18011334e-08; -3.22174131e-09; -7.42930624e-09];
| | | | | | -  Conditional density [200195] 
  R = [ 100.559 54.6138 184.792 ]
      [       0 239.225 457.372 ]
      [       0       0 606.487 ]
  S[200196] = [   -100.105   -54.5337   -184.774 ]
              [ -0.0700308   -238.518    -457.32 ]
              [ -0.0826098  -0.535463   -606.423 ]
  d = [   2.1878e-10 -6.35072e-11 -3.10261e-11 ]
  No noise model
| | | | | | -Cached: 
 keys: 200196(3) 
Augmented information matrix: [
   45.447111,	   8.0165008,	  1.78478684,	2.18930917e-08,	
   8.0165008,	  172.719693,	   13.413841,	-3.22231977e-09,	
  1.78478684,	   13.413841,	  65.5077268,	-7.4290076e-09,	
2.18930917e-08,	-3.22231977e-09,	-7.4290076e-09,	  0.63621724,	
];
Gradient contribution: [-2.20003621e-08; 3.2441215e-09; 7.43457999e-09; 2.18940012e-08; -3.23334113e-09; -7.43319012e-09];
| | | | | | | -  Conditional density [200194] 
  R = [ 99.9781 51.9381  156.81 ]
      [       0 249.626 529.377 ]
      [       0       0 587.782 ]
  S[200195] = [   -99.5191   -51.8572   -156.792 ]
              [ -0.0631198   -248.944   -529.327 ]
              [  -0.062551   -0.61267    -587.72 ]
  d = [  2.21122e-10 -5.90478e-11  -1.8456e-11 ]
  No noise model
| | | | | | | -Cached: 
 keys: 200195(3) 
Augmented information matrix: [
  45.6650562,	  8.04756221,	  1.78396332,	2.19994525e-08,	
  8.04756221,	  173.512725,	  13.4181212,	-3.23310014e-09,	
  1.78396332,	  13.4181212,	  65.5147658,	-7.43039748e-09,	
2.19994525e-08,	-3.23310014e-09,	-7.43039748e-09,	  0.63621724,	
];
Gradient contribution: [-2.21073924e-08; 3.25517877e-09; 7.43255046e-09; 2.20010297e-08; -3.24410572e-09; -7.43240674e-09];
| | | | | | | | -  Conditional density [200193] 
  R = [ 101.793  68.079 251.006 ]
      [       0 266.819 683.708 ]
      [       0       0 671.233 ]
  S[200194] = [    -101.34   -67.9993   -250.988 ]
              [ -0.0851462   -266.183   -683.662 ]
              [ -0.0799726  -0.657944   -671.189 ]
  d = [  2.18235e-10  -6.7919e-11 -2.34949e-11 ]
  No noise model
| | | | | | | | -Cached: 
 keys: 200194(3) 
Augmented information matrix: [
  45.8835757,	  8.07994856,	  1.78514364,	2.21058152e-08,	
  8.07994856,	  174.359293,	  13.4158957,	-3.2441732e-09,	
  1.78514364,	  13.4158957,	  65.5213883,	-7.43054119e-09,	
2.21058152e-08,	-3.2441732e-09,	-7.43054119e-09,	  0.63621724,	
];
Gradient contribution: [-2.22148706e-08; 3.2648463e-09; 7.42898833e-09; 2.21083693e-08; -3.25448466e-09; -7.42866206e-09];
| | | | | | | | | -  Conditional density [200192] 
  R = [ 101.548 46.7692  136.25 ]
      [       0 225.872 343.427 ]
      [       0       0 495.661 ]
  S[200193] = [   -101.092    -46.689   -136.233 ]
              [ -0.0583704   -225.109   -343.371 ]
              [ -0.0813464  -0.523567   -495.572 ]
  d = [   2.1982e-10 -5.99999e-11  -3.3826e-11 ]
  No noise model
| | | | | | | | | -Cached: 
 keys: 200193(3) 
Augmented information matrix: [
  46.1023416,	  8.11449102,	  1.78563714,	2.22123166e-08,	
  8.11449102,	  175.203412,	   13.417231,	-3.25453485e-09,	
  1.78563714,	   13.417231,	  65.5257659,	-7.43086746e-09,	
2.22123166e-08,	-3.25453485e-09,	-7.43086746e-09,	  0.63621724,	
];
Gradient contribution: [-2.23223932e-08; 3.27147562e-09; 7.4212545e-09; 2.221587e-08; -3.2610536e-09; -7.4187667e-09];
| | | | | | | | | | -  Conditional density [200191] 
  R = [ 99.0445 45.4342 158.868 ]
      [       0 220.954 446.194 ]
      [       0       0 593.482 ]
  S[200192] = [   -98.5745   -45.3515    -158.85 ]
              [  -0.059591    -220.17   -446.136 ]
              [ -0.0780068  -0.589113   -593.419 ]
  d = [  2.26489e-10 -6.14697e-11 -2.69387e-11 ]
  No noise model
| | | | | | | | | | -Cached: 
 keys: 200192(3) 
Augmented information matrix: [
  46.3204313,	   8.1491568,	  1.78317185,	2.23188397e-08,	
   8.1491568,	  176.065956,	  13.4147002,	-3.26495686e-09,	
  1.78317185,	  13.4147002,	  65.5370619,	-7.43335526e-09,	
2.23188397e-08,	-3.26495686e-09,	-7.43335526e-09,	  0.63621724,	
];
Gradient contribution: [-2.24324463e-08; 3.29164284e-09; 7.4331715e-09; 2.23202321e-08; -3.27802829e-09; -7.43205275e-09];
| | | | | | | | | | | -  Conditional density [200190] 
  R = [ 99.4616 52.5599 167.076 ]
      [       0 238.242 472.025 ]
      [       0       0 604.469 ]
  S[200191] = [   -98.9912   -52.4773   -167.058 ]
              [  -0.069277   -237.514   -471.973 ]
              [ -0.0729581  -0.569484   -604.407 ]
  d = [  2.26678e-10 -6.38846e-11 -2.50628e-11 ]
  No noise model
| | | | | | | | | | | -Cached: 
 keys: 200191(3) 
Augmented information matrix: [
  46.5509679,	  8.18722973,	  1.78334144,	2.24310538e-08,	
  8.18722973,	  177.034863,	   13.423977,	-3.27857141e-09,	
  1.78334144,	   13.423977,	  65.5445758,	-7.43447402e-09,	
2.24310538e-08,	-3.27857141e-09,	-7.43447402e-09,	  0.63621724,	
];
Gradient contribution: [-2.25457324e-08; 3.30585119e-09; 7.43254118e-09; 2.24328589e-08; -3.29231284e-09; -7.43169003e-09];
| | | | | | | | | | | | -  Conditional density [200189] 
  R = [ 98.9642 47.0565 132.739 ]
      [       0 229.496 370.146 ]
      [       0       0  517.11 ]
  S[200190] = [   -98.4891   -46.9731   -132.721 ]
              [ -0.0614652   -228.735   -370.091 ]
              [   -0.07451  -0.540803   -517.027 ]
  d = [     2.29e-10 -6.14117e-11 -2.91928e-11 ]
  No noise model
| | | | | | | | | | | | -Cached: 
 keys: 200190(3) 
Augmented information matrix: [
  46.7823247,	  8.21717059,	  1.78358088,	2.25439273e-08,	
  8.21717059,	  177.896681,	  13.4280063,	-3.29210976e-09,	
  1.78358088,	  13.4280063,	  65.5515581,	-7.43532516e-09,	
2.25439273e-08,	-3.29210976e-09,	-7.43532516e-09,	  0.63621724,	
];
Gradient contribution: [-2.26628286e-08; 3.31782407e-09; 7.42994454e-09; 2.25480821e-08; -3.30591273e-09; -7.42828249e-09];
| | | | | | | | | | | | | -  Conditional density [200188] 
  R = [ 100.996 43.2953 141.256 ]
      [       0 229.025 356.367 ]
      [       0       0 515.706 ]
  S[200189] = [   -100.528   -43.2132   -141.239 ]
              [ -0.0522156   -228.257   -356.312 ]
              [ -0.0886022  -0.527792   -515.622 ]
  d = [  2.25487e-10 -5.71476e-11  -3.6687e-11 ]
  No noise model
| | | | | | | | | | | | | -Cached: 
 keys: 200189(3) 
Augmented information matrix: [
  47.0173692,	  8.25024207,	   1.7825906,	2.26586739e-08,	
  8.25024207,	  178.776592,	  13.4264204,	-3.30402109e-09,	
   1.7825906,	  13.4264204,	  65.5617638,	-7.43698721e-09,	
2.26586739e-08,	-3.30402109e-09,	-7.43698721e-09,	  0.63621724,	
];
Gradient contribution: [-2.27732406e-08; 3.32570917e-09; 7.43373649e-09; 2.26615209e-08; -3.31965208e-09; -7.43146611e-09];
| | | | | | | | | | | | | | -  Conditional density [200187] 
  R = [ 99.4892 48.8386 158.712 ]
      [       0 237.681 472.969 ]
      [       0       0 628.313 ]
  S[200188] = [   -99.0119   -48.7549   -158.694 ]
              [ -0.0630326   -236.939   -472.916 ]
              [ -0.0702754  -0.558551   -628.253 ]
  d = [  2.30065e-10 -6.13243e-11 -2.37844e-11 ]
  No noise model
| | | | | | | | | | | | | | -Cached: 
 keys: 200188(3) 
Augmented information matrix: [
  47.2467922,	  8.29528079,	  1.78049808,	2.27703936e-08,	
  8.29528079,	  179.653107,	  13.4259851,	-3.31007819e-09,	
  1.78049808,	  13.4259851,	  65.5722069,	-7.43925759e-09,	
2.27703936e-08,	-3.31007819e-09,	-7.43925759e-09,	  0.63621724,	
];
Gradient contribution: [-2.28890277e-08; 3.33955482e-09; 7.43438404e-09; 2.27736868e-08; -3.32657497e-09; -7.43383456e-09];
| | | | | | | | | | | | | | | -  Conditional density [200186] 
  R = [ 98.1525 52.2865 158.611 ]
      [       0     256 577.493 ]
      [       0       0 631.854 ]
  S[200187] = [     -97.67   -52.1944   -158.604 ]
              [ -0.0852459   -255.309   -577.454 ]
              [ -0.0583343  -0.631881   -631.799 ]
  d = [  1.91239e-10  3.93052e-10 -2.14084e-10 ]
  No noise model
| | | | | | | | | | | | | | | -Cached: 
 keys: 200187(3) 
Augmented information matrix: [
  47.4834932,	  8.32769281,	  1.78149197,	2.28857345e-08,	
  8.32769281,	  180.523128,	  13.4331514,	-3.32305804e-09,	
  1.78149197,	  13.4331514,	  65.5789284,	-7.43980707e-09,	
2.28857345e-08,	-3.32305804e-09,	-7.43980707e-09,	  0.63621724,	
];
Gradient contribution: [-1.87705708e-08; -1.10620718e-07; -1.22047805e-07; 1.8699324e-08; 1.10196116e-07; 1.22042547e-07];
| | | | | | | | | | | | | | | | -  Conditional density [200185] 
  R = [ 92.0025 33.8345 105.891 ]
      [       0 215.894 342.554 ]
      [       0       0 466.528 ]
  S[200186] = [   -91.4807   -33.7431   -105.871 ]
              [ -0.0428115   -215.063   -342.495 ]
              [ -0.0831916  -0.602049   -466.435 ]
  d = [  2.51125e-10 -5.28662e-11 -3.40969e-11 ]
  No noise model
| | | | | | | | | | | | | | | | -Cached: 
 keys: 200186(3) 
Augmented information matrix: [
  47.7265679,	  8.35012112,	  1.77818469,	2.29652292e-08,	
  8.35012112,	  181.408682,	  13.4267586,	-2.89815145e-09,	
  1.77818469,	  13.4267586,	  65.5833379,	-7.43089578e-09,	
2.29652292e-08,	-2.89815145e-09,	-7.43089578e-09,	 0.635996057,	
];
Gradient contribution: [-2.31041075e-08; 2.91681793e-09; 7.42497673e-09; 2.29679688e-08; -2.91638384e-09; -7.42353943e-09];
| | | | | | | | | | | | | | | | | -  Conditional density [200184] 
  R = [ 99.8993 53.4814 191.803 ]
      [       0 249.737 619.304 ]
      [       0       0 721.561 ]
  S[200185] = [   -99.4163   -53.3969   -191.785 ]
              [ -0.0696196   -249.021   -619.254 ]
              [ -0.0661655  -0.618521   -721.518 ]
  d = [  2.32467e-10 -6.15422e-11 -1.92863e-11 ]
  No noise model
| | | | | | | | | | | | | | | | | -Cached: 
 keys: 200185(3) 
Augmented information matrix: [
  48.0076047,	  8.41234852,	  1.77801749,	2.31013679e-08,	
  8.41234852,	  182.469821,	  13.4217956,	-2.89858554e-09,	
  1.77801749,	  13.4217956,	  65.5958196,	-7.43233307e-09,	
2.31013679e-08,	-2.89858554e-09,	-7.43233307e-09,	 0.635996057,	
];
Gradient contribution: [-2.32232569e-08; 2.93673839e-09; 7.4417812e-09; 2.31054178e-08; -2.92424316e-09; -7.4420138e-09];
| | | | | | | | | | | | | | | | | | -  Conditional density [200183] 
  R = [ 108.258 55.0259 179.474 ]
      [       0   239.5 396.898 ]
      [       0       0 529.884 ]
  S[200184] = [    -107.81   -54.9475   -179.457 ]
              [ -0.0674322   -238.748   -396.846 ]
              [ -0.0977685  -0.563986   -529.805 ]
  d = [  2.15477e-10 -6.17718e-11 -4.07292e-11 ]
  No noise model
| | | | | | | | | | | | | | | | | | -Cached: 
 keys: 200184(3) 
Augmented information matrix: [
  48.2501063,	  8.44424025,	  1.78028155,	2.3219207e-08,	
  8.44424025,	  183.372418,	  13.4323125,	-2.91108077e-09,	
  1.78028155,	  13.4323125,	  65.6005081,	-7.43210047e-09,	
2.3219207e-08,	-2.91108077e-09,	-7.43210047e-09,	 0.635996057,	
];
Gradient contribution: [-2.33271212e-08; 2.93753385e-09; 7.42646704e-09; 2.32225099e-08; -2.93097815e-09; -7.42355096e-09];
| | | | | | | | | | | | | | | | | | | -  Conditional density [200182] 
  R = [ 104.451  62.226 208.157 ]
      [       0 238.958 449.785 ]
      [       0       0 620.925 ]
  S[200183] = [   -103.985   -62.1445    -208.14 ]
              [ -0.0858053   -238.205   -449.733 ]
              [  -0.091283  -0.551538   -620.862 ]
  d = [  2.24446e-10 -7.08159e-11 -3.59112e-11 ]
  No noise model
| | | | | | | | | | | | | | | | | | | -Cached: 
 keys: 200183(3) 
Augmented information matrix: [
  48.4646263,	  8.48379765,	  1.77636835,	2.33238183e-08,	
  8.48379765,	  184.261172,	  13.4282879,	-2.91763647e-09,	
  1.77636835,	  13.4282879,	  65.6097675,	-7.43501655e-09,	
2.33238183e-08,	-2.91763647e-09,	-7.43501655e-09,	 0.635996057,	
];
Gradient contribution: [-2.34436099e-08; 2.95565863e-09; 7.43010703e-09; 2.33296127e-08; -2.94038138e-09; -7.42800825e-09];
| | | | | | | | | | | | | | | | | | | | -  Conditional density [200181] 
  R = [ 101.856 39.9123 136.006 ]
      [       0 225.157 308.406 ]
      [       0       0 494.166 ]
  S[200182] = [   -101.376   -39.8282   -135.988 ]
              [ -0.0471576   -224.346   -308.349 ]
              [ -0.0992269  -0.502361   -494.073 ]
  d = [  2.31306e-10 -5.41208e-11 -4.49112e-11 ]
  No noise model
| | | | | | | | | | | | | | | | | | | | -Cached: 
 keys: 200182(3) 
Augmented information matrix: [
   48.697688,	  8.50745731,	  1.77414132,	2.34378155e-08,	
  8.50745731,	  185.139868,	  13.4342544,	-2.93291372e-09,	
  1.77414132,	  13.4342544,	  65.6166403,	-7.43711534e-09,	
2.34378155e-08,	-2.93291372e-09,	-7.43711534e-09,	 0.635996057,	
];
Gradient contribution: [-2.35599534e-08; 2.95375045e-09; 7.4258514e-09; 2.34418056e-08; -2.95183337e-09; -7.42264615e-09];
| | | | | | | | | | | | | | | | | | | | | -  Conditional density [200180] 
  R = [ 101.526 42.6134 145.971 ]
      [       0 224.051 380.928 ]
      [       0       0 565.044 ]
  S[200181] = [   -101.041   -42.5286   -145.953 ]
              [ -0.0537422   -223.232   -380.871 ]
              [ -0.0857915  -0.550022   -564.971 ]
  d = [  2.33251e-10 -5.76294e-11 -3.45749e-11 ]
  No noise model
| | | | | | | | | | | | | | | | | | | | | -Cached: 
 keys: 200181(3) 
Augmented information matrix: [
  48.9406251,	  8.55941628,	  1.77062634,	2.35559632e-08,	
  8.55941628,	  186.057747,	  13.4350615,	-2.9348308e-09,	
  1.77062634,	  13.4350615,	  65.6287392,	-7.44032058e-09,	
2.35559632e-08,	-2.9348308e-09,	-7.44032058e-09,	 0.635996057,	
];
Gradient contribution: [-2.36810399e-08; 2.97227541e-09; 7.44107073e-09; 2.35619746e-08; -2.96387874e-09; -7.43933058e-09];
| | | | | | | | | | | | | | | | | | | | | | -  Conditional density [200179] 
  R = [ 100.933 44.7693 113.393 ]
      [       0 220.789 260.535 ]
      [       0       0 393.943 ]
  S[200180] = [   -100.444   -44.6836   -113.376 ]
              [ -0.0601509   -219.955   -260.477 ]
              [ -0.0967328  -0.542334    -393.82 ]
  d = [   2.3582e-10 -6.12876e-11 -4.62247e-11 ]
  No noise model
| | | | | | | | | | | | | | | | | | | | | | -Cached: 
 keys: 200180(3) 
Augmented information matrix: [
  49.1855788,	  8.60366089,	  1.76972372,	2.36750285e-08,	
  8.60366089,	  187.037695,	  13.4425457,	-2.94322748e-09,	
  1.76972372,	  13.4425457,	  65.6376505,	-7.44206073e-09,	
2.36750285e-08,	-2.94322748e-09,	-7.44206073e-09,	 0.635996057,	
];
Gradient contribution: [-2.38020704e-08; 2.97416829e-09; 7.4370818e-09; 2.3678405e-08; -2.9683115e-09; -7.43196998e-09];
| | | | | | | | | | | | | | | | | | | | | | | -  Conditional density [200178] 
  R = [ 90.0502 45.5089 133.687 ]
      [       0 227.889 419.878 ]
      [       0       0 514.049 ]
  S[200179] = [   -89.4977   -45.4124   -133.667 ]
              [ -0.0721783   -227.078   -419.823 ]
              [  -0.081309  -0.661175   -513.971 ]
  d = [  2.66068e-10 -6.62325e-11 -2.95714e-11 ]
  No noise model
| | | | | | | | | | | | | | | | | | | | | | | -Cached: 
 keys: 200179(3) 
Augmented information matrix: [
  49.4384707,	  8.64790665,	  1.76286186,	2.37986939e-08,	
  8.64790665,	  188.035179,	   13.424691,	-2.94908428e-09,	
  1.76286186,	   13.424691,	  65.6565529,	-7.44717255e-09,	
2.37986939e-08,	-2.94908428e-09,	-7.44717255e-09,	 0.635996057,	
];
Gradient contribution: [-2.39594445e-08; 2.98517005e-09; 7.44092091e-09; 2.38052487e-08; -2.97672403e-09; -7.44019087e-09];
| | | | | | | | | | | | | | | | | | | | | | | | -  Conditional density [200177] 
  R = [  98.676 47.1264 146.526 ]
      [       0 248.112 594.039 ]
      [       0       0 678.509 ]
  S[200178] = [   -98.1691    -47.038   -146.508 ]
              [ -0.0610933   -247.362   -593.988 ]
              [ -0.0533759  -0.655541    -678.46 ]
  d = [  2.44091e-10 -5.84488e-11  -1.2505e-11 ]
  No noise model
| | | | | | | | | | | | | | | | | | | | | | | | -Cached: 
 keys: 200178(3) 
Augmented information matrix: [
  49.7555828,	  8.69651311,	  1.76339225,	2.39528897e-08,	
  8.69651311,	  189.138855,	  13.4197477,	-2.9575303e-09,	
  1.76339225,	  13.4197477,	   65.666003,	-7.44790259e-09,	
2.39528897e-08,	-2.9575303e-09,	-7.44790259e-09,	 0.635996057,	
];
Gradient contribution: [-2.40859511e-08; 2.99867695e-09; 7.43977309e-09; 2.39579823e-08; -2.98466147e-09; -7.4405724e-09];
| | | | | | | | | | | | | | | | | | | | | | | | | -  Conditional density [200176] 
  R = [ 102.207 57.0683 197.226 ]
      [       0 244.088 545.507 ]
      [       0       0 685.286 ]
  S[200177] = [   -101.715   -56.9826   -197.209 ]
              [ -0.0791178   -243.325   -545.456 ]
              [ -0.0760037  -0.612337   -685.236 ]
  d = [   2.3687e-10 -6.77371e-11 -2.51085e-11 ]
  No noise model
| | | | | | | | | | | | | | | | | | | | | | | | | -Cached: 
 keys: 200177(3) 
Augmented information matrix: [
  50.0191145,	  8.73056087,	   1.7667801,	2.40808585e-08,	
  8.73056087,	   190.13822,	   13.427542,	-2.97154578e-09,	
   1.7667801,	   13.427542,	  65.6712498,	-7.44710328e-09,	
2.40808585e-08,	-2.97154578e-09,	-7.44710328e-09,	 0.635996057,	
];
Gradient contribution: [-2.42097091e-08; 3.01601923e-09; 7.44057721e-09; 2.40859306e-08; -3.0000174e-09; -7.43995633e-09];
| | | | | | | | | | | | | | | | | | | | | | | | | | -  Conditional density [200175] 
  R = [ 99.6083 59.0805 184.513 ]
      [       0  236.15 430.625 ]
      [       0       0 593.926 ]
  S[200176] = [   -99.1008   -58.9923   -184.495 ]
              [ -0.0897573   -235.359   -430.573 ]
              [ -0.0895976  -0.578482   -593.859 ]
  d = [  2.44404e-10 -7.40089e-11 -3.48059e-11 ]
  No noise model
| | | | | | | | | | | | | | | | | | | | | | | | | | -Cached: 
 keys: 200176(3) 
Augmented information matrix: [
  50.2730935,	  8.75889538,	  1.76743058,	2.4204637e-08,	
  8.75889538,	  191.102522,	  13.4371621,	-2.98754761e-09,	
  1.76743058,	  13.4371621,	  65.6766765,	-7.44772416e-09,	
2.4204637e-08,	-2.98754761e-09,	-7.44772416e-09,	 0.635996057,	
];
Gradient contribution: [-2.43446367e-08; 3.03774833e-09; 7.44666336e-09; 2.42108515e-08; -3.02087517e-09; -7.44477835e-09];
| | | | | | | | | | | | | | | | | | | | | | | | | | | -  Conditional density [200174] 
  R = [ 104.972 43.7496 155.838 ]
      [       0 244.017 537.723 ]
      [       0       0 635.879 ]
  S[200175] = [   -104.488   -43.6654   -155.821 ]
              [ -0.0505439   -243.241    -537.67 ]
              [ -0.0730542   -0.65594   -635.824 ]
  d = [  2.33035e-10 -5.42458e-11 -2.29384e-11 ]
  No noise model
| | | | | | | | | | | | | | | | | | | | | | | | | | | -Cached: 
 keys: 200175(3) 
Augmented information matrix: [
  50.5466879,	  8.78445542,	  1.76570918,	2.43384222e-08,	
  8.78445542,	  192.071064,	  13.4414779,	-3.00442077e-09,	
  1.76570918,	  13.4414779,	  65.6842387,	-7.44960917e-09,	
2.43384222e-08,	-3.00442077e-09,	-7.44960917e-09,	 0.635996057,	
];
Gradient contribution: [-2.446208e-08; 3.04172893e-09; 7.43953469e-09; 2.43449125e-08; -3.03427545e-09; -7.43936757e-09];
| | | | | | | | | | | | | | | | | | | | | | | | | | | | -  Conditional density [200173] 
  R = [ 97.3341 50.2765 153.955 ]
      [       0 251.408 572.271 ]
      [       0       0 670.853 ]
  S[200174] = [   -96.8094   -50.1854   -153.936 ]
              [ -0.0696634   -250.654   -572.221 ]
              [ -0.0583512  -0.643918   -670.802 ]
  d = [  2.52738e-10 -6.27237e-11 -1.56017e-11 ]
  No noise model
| | | | | | | | | | | | | | | | | | | | | | | | | | | | -Cached: 
 keys: 200174(3) 
Augmented information matrix: [
  50.7886731,	  8.83385435,	  1.76719407,	2.44555896e-08,	
  8.83385435,	  193.111036,	  13.4471679,	-3.01187425e-09,	
  1.76719407,	  13.4471679,	  65.6902749,	-7.44977629e-09,	
2.44555896e-08,	-3.01187425e-09,	-7.44977629e-09,	 0.635996057,	
];
Gradient contribution: [-2.46000427e-08; 3.06244204e-09; 7.4512391e-09; 2.44621483e-08; -3.04822775e-09; -7.4519085e-09];
| | | | | | | | | | | | | | | | | | | | | | | | | | | | | -  Conditional density [200172] 
  R = [ 102.697 42.3025 117.818 ]
      [       0 221.435   258.6 ]
      [       0       0  416.25 ]
  S[200173] = [   -102.197   -42.2157   -117.801 ]
              [ -0.0552267   -220.571   -258.542 ]
              [  -0.102941  -0.529456   -416.133 ]
  d = [  2.40812e-10 -5.98232e-11 -4.88555e-11 ]
  No noise model
| | | | | | | | | | | | | | | | | | | | | | | | | | | | | -Cached: 
 keys: 200173(3) 
Augmented information matrix: [
  51.0722525,	   8.8667113,	  1.77027475,	2.45934841e-08,	
   8.8667113,	  194.102245,	  13.4534487,	-3.02608854e-09,	
  1.77027475,	  13.4534487,	  65.6957156,	-7.44910689e-09,	
2.45934841e-08,	-3.02608854e-09,	-7.44910689e-09,	 0.635996057,	
];
Gradient contribution: [-2.47306305e-08; 3.06003658e-09; 7.43442008e-09; 2.46019215e-08; -3.05508605e-09; -7.42938782e-09];
| | | | | | | | | | | | | | | | | | | | | | | | | | | | | | -  Conditional density [200171] 
  R = [ 101.856 48.9294 196.231 ]
      [       0 259.796 538.357 ]
      [       0       0 676.661 ]
  S[200172] = [   -101.363   -48.8139   -196.329 ]
              [  -0.131875   -259.058   -539.492 ]
              [ -0.0959026  -0.594082   -676.607 ]
  d = [ 7.87208e-09 2.32399e-08 2.35652e-08 ]
  No noise model
| | | | | | | | | | | | | | | | | | | | | | | | | | | | | | -Cached: 
 keys: 200172(3) 
Augmented information matrix: [
  51.3357752,	  8.91686476,	  1.76360936,	2.4722193e-08,	
  8.91686476,	  195.137732,	  13.4424705,	-3.03103908e-09,	
  1.76360936,	  13.4424705,	   65.713075,	-7.45413915e-09,	
2.4722193e-08,	-3.03103908e-09,	-7.45413915e-09,	 0.635996057,	
];
Gradient contribution: [-8.01816533e-07; -6.42280519e-06; -3.00017193e-05; 8.03258365e-07; 6.41874215e-06; 3.0027617e-05];
| | | | | | | | | | | | | | | | | | | | | | | | | | | | | | | -  Conditional density [200170] 
  R = [ 99.0517 64.0824 191.749 ]
      [       0  271.14 730.513 ]
      [       0       0 705.384 ]
  S[200171] = [   -98.5238   -63.9983    -191.75 ]
              [ -0.0733299   -270.435   -730.511 ]
              [  -0.045845  -0.737499   -705.339 ]
  d = [ 5.52269e-10  -1.929e-10 3.79751e-10 ]
  No noise model
| | | | | | | | | | | | | | | | | | | | | | | | | | | | | | | -Cached: 
 keys: 200171(3) 
Augmented information matrix: [
  51.6004453,	  8.93380651,	  1.77472763,	2.50367015e-08,	
  8.93380651,	  196.048053,	  12.5645291,	8.193214e-10,	
  1.77472763,	  12.5645291,	  65.6037824,	-4.90882891e-09,	
2.50367015e-08,	8.193214e-10,	-4.90882891e-09,	 0.497562796,	
];
Gradient contribution: [-5.47031768e-08; 1.69124085e-08; -2.32851131e-07; 5.44148682e-08; -1.65426971e-08; 2.32835144e-07];
| | | | | | | | | | | | | | | | | | | | | | | | | | | | | | | | -  Conditional density [200169] 
  R = [ 95.8843 58.1006 217.449 ]
      [       0 234.236 541.028 ]
      [       0       0 624.658 ]
  S[200170] = [   -95.3364   -58.0122   -217.419 ]
              [ -0.0828143   -233.413   -540.918 ]
              [  -0.103014  -0.725662   -624.602 ]
  d = [ -8.46689e-12 -1.13744e-11  1.00355e-10 ]
  No noise model
| | | | | | | | | | | | | | | | | | | | | | | | | | | | | | | | -Cached: 
 keys: 200170(3) 
Augmented information matrix: [
   51.886339,	  8.96031395,	  1.77279208,	2.53261291e-08,	
  8.96031395,	  197.096768,	  12.5328323,	4.51502928e-10,	
  1.77279208,	  12.5328323,	  65.6038024,	-4.89260468e-09,	
2.53261291e-08,	4.51502928e-10,	-4.89260468e-09,	 0.497186413,	
];
Gradient contribution: [8.11841595e-10; 3.15622214e-09; -5.4692395e-08; -7.97806907e-10; -3.07328559e-09; 5.46882587e-08];
| | | | | | | | | | | | | | | | | | | | | | | | | | | | | | | | | -  Conditional density [200168] 
  R = [ 103.681 57.0926 203.637 ]
      [       0  235.46 480.488 ]
      [       0       0  626.03 ]
  S[200169] = [   -103.176   -57.0038   -203.623 ]
              [ -0.0877533   -234.634   -480.442 ]
              [ -0.0971252  -0.642053   -625.968 ]
  d = [  2.38763e-10 -3.88325e-11 -5.04331e-11 ]
  No noise model
| | | | | | | | | | | | | | | | | | | | | | | | | | | | | | | | | -Cached: 
 keys: 200169(3) 
Augmented information matrix: [
  52.2037595,	  9.01534263,	  1.77337326,	2.53123019e-08,	
  9.01534263,	   198.30895,	  12.5854481,	3.67028272e-10,	
  1.77337326,	  12.5854481,	  65.6161284,	-4.88857965e-09,	
2.53123019e-08,	3.67028272e-10,	-4.88857965e-09,	 0.496915677,	
];
Gradient contribution: [-2.47552511e-08; -4.4880838e-09; 1.61016809e-09; 2.46263014e-08; 4.46656346e-09; -1.60880528e-09];
| | | | | | | | | | | | | | | | | | | | | | | | | | | | | | | | | | -  Conditional density [200167] 
  R = [ 103.171  45.976 145.045 ]
      [       0 222.866 367.788 ]
      [       0       0 547.851 ]
  S[200168] = [   -102.659   -45.8879   -145.028 ]
              [ -0.0646854   -221.985   -367.735 ]
              [ -0.0887096  -0.592248   -547.771 ]
  d = [  2.47943e-10 -4.95052e-11 -4.13134e-11 ]
  No noise model
| | | | | | | | | | | | | | | | | | | | | | | | | | | | | | | | | | -Cached: 
 keys: 200168(3) 
Augmented information matrix: [
  52.4761957,	  9.05011805,	  1.77080895,	2.54413122e-08,	
  9.05011805,	  199.410907,	  12.5854217,	3.88558717e-10,	
  1.77080895,	  12.5854217,	  65.6222299,	-4.88989712e-09,	
2.54413122e-08,	3.88558717e-10,	-4.88989712e-09,	 0.496908825,	
];
Gradient contribution: [-2.55804732e-08; -3.66395825e-10; 4.87820091e-09; 2.54468362e-08; 3.6372852e-10; -4.87653822e-09];
| | | | | | | | | | | | | | | | | | | | | | | | | | | | | | | | | | | -  Conditional density [200166] 
  R = [ 103.487 52.0969 178.457 ]
      [       0 239.391 496.249 ]
      [       0       0  645.65 ]
  S[200167] = [   -102.975   -52.0087    -178.44 ]
              [ -0.0733741   -238.568     -496.2 ]
              [ -0.0824837  -0.637519   -645.591 ]
  d = [  2.48463e-10 -5.25208e-11 -3.58653e-11 ]
  No noise model
| | | | | | | | | | | | | | | | | | | | | | | | | | | | | | | | | | | -Cached: 
 keys: 200167(3) 
Augmented information matrix: [
  52.7496623,	  9.09067556,	   1.7690798,	2.55749492e-08,	
  9.09067556,	  200.546781,	  12.5863924,	3.91226021e-10,	
   1.7690798,	  12.5863924,	  65.6316816,	-4.8915598e-09,	
2.55749492e-08,	3.91226021e-10,	-4.8915598e-09,	 0.496908825,	
];
Gradient contribution: [-2.5712746e-08; -3.71115163e-10; 4.88001554e-09; 2.5578628e-08; 3.69564902e-10; -4.87956736e-09];
| | | | | | | | | | | | | | | | | | | | | | | | | | | | | | | | | | | | -  Conditional density [200165] 
  R = [   106.8 58.7452  220.95 ]
      [       0 253.712 637.305 ]
      [       0       0 720.436 ]
  S[200166] = [   -106.301   -58.6593   -220.934 ]
              [ -0.0794007   -252.932   -637.259 ]
              [ -0.0803218  -0.698148   -720.391 ]
  d = [  2.41974e-10 -5.45438e-11 -3.27283e-11 ]
  No noise model
| | | | | | | | | | | | | | | | | | | | | | | | | | | | | | | | | | | | -Cached: 
 keys: 200166(3) 
Augmented information matrix: [
  53.0243778,	  9.12805984,	   1.7693568,	2.57090672e-08,	
  9.12805984,	  201.638489,	  12.5902761,	3.92776282e-10,	
   1.7693568,	  12.5902761,	  65.6378875,	-4.89200799e-09,	
2.57090672e-08,	3.92776282e-10,	-4.89200799e-09,	 0.496908825,	
];
Gradient contribution: [-2.58427629e-08; -3.76392024e-10; 4.87553807e-09; 2.57150741e-08; 3.75279777e-10; -4.87556114e-09];
| | | | | | | | | | | | | | | | | | | | | | | | | | | | | | | | | | | | | -  Conditional density [200164] 
  R = [ 101.524 42.2794 134.853 ]
      [       0 242.467 508.113 ]
      [       0       0  617.87 ]
  S[200165] = [   -100.996   -42.1886   -134.836 ]
              [ -0.0540097   -241.642   -508.064 ]
              [ -0.0678845  -0.677929   -617.807 ]
  d = [  2.55889e-10 -4.30466e-11 -2.83527e-11 ]
  No noise model
| | | | | | | | | | | | | | | | | | | | | | | | | | | | | | | | | | | | | -Cached: 
 keys: 200165(3) 
Augmented information matrix: [
  53.2860693,	  9.16508142,	  1.77033471,	2.58367559e-08,	
  9.16508142,	   202.74046,	  12.5956207,	3.93888529e-10,	
  1.77033471,	  12.5956207,	  65.6423317,	-4.89198493e-09,	
2.58367559e-08,	3.93888529e-10,	-4.89198493e-09,	 0.496908825,	
];
Gradient contribution: [-2.59787194e-08; -3.81431791e-10; 4.88340366e-09; 2.58394421e-08; 3.74502097e-10; -4.88400239e-09];
| | | | | | | | | | | | | | | | | | | | | | | | | | | | | | | | | | | | | | -  Conditional density [200163] 
  R = [ 93.0718 40.9565 145.726 ]
      [       0 228.626 479.021 ]
      [       0       0 574.508 ]
  S[200164] = [   -92.4925   -40.8568   -145.707 ]
              [ -0.0631766   -227.746   -478.969 ]
              [ -0.0911859  -0.736897   -574.442 ]
  d = [  2.80951e-10 -4.85618e-11 -3.92491e-11 ]
  No noise model
| | | | | | | | | | | | | | | | | | | | | | | | | | | | | | | | | | | | | | -Cached: 
 keys: 200164(3) 
Augmented information matrix: [
   53.572042,	  9.21443379,	  1.77268321,	2.59760332e-08,	
  9.21443379,	   203.88902,	  12.5953693,	4.00818223e-10,	
  1.77268321,	  12.5953693,	  65.6488999,	-4.8913862e-09,	
2.59760332e-08,	4.00818223e-10,	-4.8913862e-09,	 0.496908825,	
];
Gradient contribution: [-2.61486438e-08; -4.04287613e-10; 4.86923064e-09; 2.59792314e-08; 3.90061999e-10; -4.86947303e-09];
| | | | | | | | | | | | | | | | | | | | | | | | | | | | | | | | | | | | | | | -  Conditional density [200162] 
  R = [ 99.4772 41.6689 125.658 ]
      [       0 233.799 363.201 ]
      [       0       0 488.898 ]
  S[200163] = [   -98.9321    -41.575   -125.641 ]
              [ -0.0571842   -232.933    -363.15 ]
              [ -0.0940071   -0.64177   -488.806 ]
  d = [  2.64379e-10 -4.53547e-11 -4.42431e-11 ]
  No noise model
| | | | | | | | | | | | | | | | | | | | | | | | | | | | | | | | | | | | | | | -Cached: 
 keys: 200163(3) 
Augmented information matrix: [
  53.9199797,	  9.28383812,	  1.77441239,	2.61454456e-08,	
  9.28383812,	  205.215923,	  12.5938221,	4.15043837e-10,	
  1.77441239,	  12.5938221,	  65.6563374,	-4.8911438e-09,	
2.61454456e-08,	4.15043837e-10,	-4.8911438e-09,	 0.496908825,	
];
Gradient contribution: [-2.62997e-08; -4.12488727e-10; 4.88175529e-09; 2.6148823e-08; 3.98533998e-10; -4.88009399e-09];
| | | | | | | | | | | | | | | | | | | | | | | | | | | | | | | | | | | | | | | | -  Conditional density [200161] 
  R = [ 100.408 46.3257 114.771 ]
      [       0 215.878  229.74 ]
      [       0       0 364.646 ]
  S[200162] = [    -99.865   -46.2321   -114.754 ]
              [ -0.0730347   -214.936   -229.686 ]
              [  -0.120134  -0.588348   -364.505 ]
  d = [  2.63465e-10 -5.45341e-11 -6.19352e-11 ]
  No noise model
| | | | | | | | | | | | | | | | | | | | | | | | | | | | | | | | | | | | | | | | -Cached: 
 keys: 200162(3) 
Augmented information matrix: [
  54.2292673,	  9.34586306,	  1.77257058,	2.62963226e-08,	
  9.34586306,	  206.386586,	  12.5802218,	4.28998566e-10,	
  1.77257058,	  12.5802218,	  65.6677053,	-4.89280511e-09,	
2.62963226e-08,	4.28998566e-10,	-4.89280511e-09,	 0.496908825,	
];
Gradient contribution: [-2.64540925e-08; -4.32484799e-10; 4.87479571e-09; 2.62995486e-08; 4.22738652e-10; -4.86775806e-09];
| | | | | | | | | | | | | | | | | | | | | | | | | | | | | | | | | | | | | | | | | -  Conditional density [200160] 
  R = [ 104.698   52.22 117.176 ]
      [       0 217.237 223.603 ]
      [       0       0 353.645 ]
  S[200161] = [   -104.174   -52.1299    -117.16 ]
              [ -0.0824675   -216.297   -223.549 ]
              [  -0.116462  -0.588691   -353.499 ]
  d = [  2.54051e-10 -5.90749e-11 -6.06434e-11 ]
  No noise model
| | | | | | | | | | | | | | | | | | | | | | | | | | | | | | | | | | | | | | | | | -Cached: 
 keys: 200161(3) 
Augmented information matrix: [
  54.5441254,	  9.39861485,	  1.76126483,	2.64508665e-08,	
  9.39861485,	  207.628298,	  12.5504791,	4.38744712e-10,	
  1.76126483,	  12.5504791,	  65.6906735,	-4.89984276e-09,	
2.64508665e-08,	4.38744712e-10,	-4.89984276e-09,	 0.496908825,	
];
Gradient contribution: [-2.659864e-08; -4.33307334e-10; 4.88682028e-09; 2.64536386e-08; 4.30227167e-10; -4.8790186e-09];
| | | | | | | | | | | | | | | | | | | | | | | | | | | | | | | | | | | | | | | | | | -  Conditional density [200159] 
  R = [  60.2444 0.162548 0.035332 ]
      [        0  120.446 0.125802 ]
      [        0        0  22.0181 ]
  S[200160] = [    -59.3197 1.64464e-11           0 ]
              [   0.0800553    -118.682           0 ]
              [   0.0947316    0.678095    -18.4579 ]
  d = [  4.47956e-10  2.18565e-12 -2.64358e-10 ]
  No noise model
| | | | | | | | | | | | | | | | | | | | | | | | | | | | | | | | | | | | | | | | | | -Cached: 
 keys: 200160(3) 
Augmented information matrix: [
  54.8388358,	  9.43688237,	  1.74854228,	2.65958678e-08,	
  9.43688237,	  208.866207,	  12.5161753,	4.41824879e-10,	
  1.74854228,	  12.5161753,	  65.7152579,	-4.90764443e-09,	
2.65958678e-08,	4.41824879e-10,	-4.90764443e-09,	 0.496908825,	
];
Gradient contribution: [-2.69868218e-08; -3.36066404e-10; 5.80456252e-09; 2.65974556e-08; 4.38656611e-10; -4.87947535e-09];
| | | | | | | | | | | | | | | | | | | | | | | | | | | | | | | | | | | | | | | | | | | -  Conditional density [200158] 
  R = [   60.2518  0.169286 0.0446886 ]
      [         0   120.462  0.158273 ]
      [         0         0   22.4401 ]
  S[200159] = [    -59.3122 1.67727e-11           0 ]
              [   0.0833519    -118.666           0 ]
              [     0.11753    0.836962    -18.1108 ]
  d = [  4.54362e-10  5.98465e-13 -3.20473e-10 ]
  No noise model
| | | | | | | | | | | | | | | | | | | | | | | | | | | | | | | | | | | | | | | | | | | -Cached: 
 keys: 200159(3) 
Augmented information matrix: [
  55.7093292,	  9.79262952,	  2.12855745,	2.69852341e-08,	
  9.79262952,	   212.46328,	  15.1580146,	3.39234672e-10,	
  2.12855745,	  15.1580146,	  78.4079774,	-5.8327316e-09,	
2.69852341e-08,	3.39234672e-10,	-5.8327316e-09,	 0.496908825,	
];
Gradient contribution: [-2.73761266e-08; -1.49009292e-10; 7.17104098e-09; 2.69868211e-08; 3.39240469e-10; -5.80399988e-09];
| | | | | | | | | | | | | | | | | | | | | | | | | | | | | | | | | | | | | | | | | | | | -  Conditional density [200157] 
  R = [ 97.5282 41.2576 128.271 ]
      [       0 225.417 336.594 ]
      [       0       0 511.863 ]
  S[200158] = [   -96.9441   -41.1524   -128.244 ]
              [ -0.0613732   -224.471   -336.514 ]
              [  -0.100763  -0.611522   -511.733 ]
  d = [  2.82484e-10 -5.09902e-11 -5.12914e-11 ]
  No noise model
| | | | | | | | | | | | | | | | | | | | | | | | | | | | | | | | | | | | | | | | | | | | -Cached: 
 keys: 200158(3) 
Augmented information matrix: [
  56.6129485,	   10.199788,	  2.69256903,	2.73745396e-08,	
   10.199788,	  216.419282,	  19.0734004,	1.49003496e-10,	
  2.69256903,	  19.0734004,	  97.1783764,	-7.1997727e-09,	
2.73745396e-08,	1.49003496e-10,	-7.1997727e-09,	 0.496908825,	
];
Gradient contribution: [-2.75502127e-08; -1.60571676e-10; 7.18256768e-09; 2.73769105e-08; 1.47736914e-10; -7.17960204e-09];
| | | | | | | | | | | | | | | | | | | | | | | | | | | | | | | | | | | | | | | | | | | | | -  Conditional density [200156] 
  R = [   60.2627  0.178629 0.0599486 ]
      [         0   120.486  0.211285 ]
      [         0         0   23.1121 ]
  S[200157] = [    -59.3015 1.74254e-11           0 ]
              [   0.0879183    -118.641           0 ]
              [    0.153014     1.08459    -17.5842 ]
  d = [  4.63496e-10 -2.32482e-12 -4.07916e-10 ]
  No noise model
| | | | | | | | | | | | | | | | | | | | | | | | | | | | | | | | | | | | | | | | | | | | | -Cached: 
 keys: 200157(3) 
Augmented information matrix: [
   56.968063,	  10.2647954,	  2.69063438,	2.75478418e-08,	
